return {
{
   ["deck"]={2},
},
{
   {3},
},
{
   ["collision"]={4},
   ["layers"]={5},
   ["enemies"]={6},
   ["items"]={7},
},
{
   1,
   1,
   1,
   1,
   1,
   1,
   1,
   0,
   1,
   1,
   1,
   1,
   1,
   1,
   1,
   1,
   0,
   0,
   0,
   0,
   0,
   0,
   0,
   0,
   0,
   0,
   0,
   0,
   0,
   1,
   1,
   0,
   0,
   0,
   0,
   0,
   0,
   0,
   0,
   0,
   0,
   0,
   0,
   0,
   1,
   1,
   0,
   0,
   0,
   0,
   0,
   0,
   0,
   0,
   0,
   0,
   0,
   0,
   0,
   1,
   0,
   0,
   0,
   0,
   0,
   0,
   0,
   0,
   0,
   0,
   0,
   0,
   0,
   0,
   0,
   1,
   0,
   0,
   0,
   0,
   0,
   0,
   0,
   0,
   0,
   0,
   0,
   0,
   0,
   1,
   1,
   0,
   0,
   0,
   0,
   0,
   0,
   0,
   0,
   0,
   0,
   0,
   0,
   0,
   1,
   1,
   0,
   0,
   0,
   0,
   0,
   0,
   0,
   0,
   0,
   0,
   0,
   0,
   0,
   1,
   1,
   1,
   1,
   1,
   1,
   1,
   1,
   0,
   1,
   1,
   1,
   1,
   1,
   1,
   1,
},
{
   {8},
},
{
   {9},
   {10},
   {11},
   {12},
},
{
},
{
   4,
   4,
   4,
   4,
   4,
   4,
   4,
   2,
   4,
   4,
   4,
   4,
   4,
   4,
   4,
   4,
   2,
   2,
   2,
   2,
   2,
   2,
   2,
   2,
   2,
   2,
   2,
   2,
   2,
   4,
   4,
   2,
   2,
   2,
   2,
   2,
   2,
   2,
   2,
   2,
   2,
   2,
   2,
   2,
   4,
   4,
   2,
   2,
   2,
   2,
   2,
   2,
   2,
   2,
   2,
   2,
   2,
   2,
   2,
   4,
   2,
   2,
   2,
   2,
   2,
   2,
   2,
   2,
   2,
   2,
   2,
   2,
   2,
   2,
   2,
   4,
   2,
   2,
   2,
   2,
   2,
   2,
   2,
   2,
   2,
   2,
   2,
   2,
   2,
   4,
   4,
   2,
   2,
   2,
   2,
   2,
   2,
   2,
   2,
   2,
   2,
   2,
   2,
   2,
   4,
   4,
   2,
   2,
   2,
   2,
   2,
   2,
   2,
   2,
   2,
   2,
   2,
   2,
   2,
   4,
   4,
   4,
   4,
   4,
   4,
   4,
   4,
   2,
   4,
   4,
   4,
   4,
   4,
   4,
   4,
},
{
   ["row"]=2,
   ["key"]="scout",
   ["col"]=2,
},
{
   ["row"]=2,
   ["key"]="scout",
   ["col"]=12,
},
{
   ["row"]=6,
   ["key"]="scout",
   ["col"]=2,
},
{
   ["row"]=6,
   ["key"]="scout",
   ["col"]=12,
},
}